4 37 d 509
8 84 w 613
11 98 d 986
12 74 d 494
17 64 w 483
22 12 w 779
24 95 d 964
29 17 d 784
31 40 w 819
36 82 d 702
41 82 w 187
46 26 w 161
47 63 d 351
50 52 w 661
55 55 w 694
57 74 w 409
59 20 w 620
60 90 w 106
61 46 w 5
63 76 d 668
66 89 w 906
68 64 d 104
70 48 d 548
75 10 d 192
80 80 w 76
84 85 w 500
88 73 d 629
92 22 w 75
96 34 d 167
97 52 d 265
102 35 d 10
106 80 w 881
109 43 w 492
114 92 w 239
117 28 d 403
120 33 w 459
122 94 w 3
124 74 w 424
129 64 d 754
133 32 w 893
134 78 d 99
137 21 w 47
140 35 w 487
144 24 w 203
149 70 w 548
151 74 w 871
156 52 w 822
158 73 w 924
163 61 w 281
164 57 d 742
169 48 w 512
173 18 d 341
174 65 w 378
176 60 w 926
178 37 w 459
180 46 d 707
186 91 w 10
187 76 d 444
188 28 d 364
191 50 w 485
196 41 w 371
198 43 w 868
199 15 d 733
200 86 d 580
203 70 d 210
204 85 w 146
207 54 d 46
212 90 w 302
217 13 d 878
220 29 d 469
222 83 d 601
223 22 d 501
226 52 w 125
228 47 w 415
231 37 d 169
232 51 w 590
234 39 d 473
238 77 d 901
243 50 d 706
245 14 d 208
248 64 w 159
253 71 w 964
256 26 w 532
260 44 w 250
263 94 w 54
268 51 d 76
272 59 d 625
277 22 w 634
281 26 w 133
285 58 w 118
287 40 w 401
291 87 d 326
293 62 w 818
296 36 w 875
300 10 w 206
303 45 d 304
306 11 d 952
308 65 w 291
311 9 w 436
313 51 d 472
